XODR Coordinates for (s, t) Coordinates on R2 (Main Racing Road)
================================================================================

         s |          t |          XODR X |          XODR Y |            RD X |            RD Y
--------------------------------------------------------------------------------
     200.0 |      0.000 |       55.766137 |       88.269387 |       59.676517 |       82.592438
     205.0 |      0.000 |       52.857546 |       84.126818 |       56.807172 |       78.497709
     210.0 |      0.000 |       49.940718 |       79.990028 |       53.929734 |       74.408679
     215.0 |      0.000 |       47.016015 |       75.858651 |       51.044558 |       70.324986
     220.0 |      0.000 |       44.083969 |       71.732555 |       48.152165 |       66.246502
     225.0 |      0.000 |       41.144958 |       67.611396 |       45.252930 |       62.172886
     230.0 |      0.000 |       38.199329 |       63.494785 |       42.347191 |       58.103755
     235.0 |      0.000 |       35.247653 |       59.382645 |       39.435511 |       54.039033
     240.0 |      0.000 |       32.290260 |       55.274566 |       36.518212 |       49.978316
     245.0 |      0.000 |       29.327505 |       51.170171 |       33.595646 |       45.921231
     250.0 |      0.000 |       26.359979 |       47.069409 |       30.668392 |       41.867730
     255.0 |      0.000 |       23.387972 |       42.971815 |       27.736734 |       37.817352
     260.0 |      0.000 |       20.411859 |       38.877041 |       24.801042 |       33.769756
     265.0 |      0.000 |       17.432226 |       34.785031 |       21.861892 |       29.724885
     270.0 |      0.000 |       14.449344 |       30.695291 |       18.919548 |       25.682254
     275.0 |      0.000 |       11.463612 |       26.607510 |       15.974405 |       21.641554
     280.0 |      0.000 |        8.475586 |       22.521588 |       13.027008 |       17.602686
     285.0 |      0.000 |        5.485548 |       18.437049 |       10.077633 |       13.565184
     290.0 |      0.000 |        2.493922 |       14.353616 |        7.126698 |        9.528771
     295.0 |      0.000 |       -0.498812 |       10.271085 |        4.174675 |        5.493249
     300.0 |      0.000 |       -3.492303 |        6.189075 |        1.221907 |        1.458240
     305.0 |      0.000 |       -6.486133 |        2.107300 |       -1.731193 |       -2.576537
     310.0 |      0.000 |       -9.479879 |       -1.974520 |       -4.684210 |       -6.611359
     315.0 |      0.000 |      -12.473127 |       -6.056683 |       -7.636739 |      -10.646518
     320.0 |      0.000 |      -15.465479 |      -10.139498 |      -10.588387 |      -14.682321
     325.0 |      0.000 |      -18.456542 |      -14.223291 |      -13.538768 |      -18.719088
     330.0 |      0.000 |      -21.445853 |      -18.308287 |      -16.487428 |      -22.757041
     335.0 |      0.000 |      -24.433043 |      -22.394840 |      -19.434004 |      -26.796531
     340.0 |      0.000 |      -27.417721 |      -26.483279 |      -22.378113 |      -30.837879
     345.0 |      0.000 |      -30.399394 |      -30.573784 |      -25.319267 |      -34.881266
     350.0 |      0.000 |      -33.377726 |      -34.666759 |      -28.257139 |      -38.927088
     355.0 |      0.000 |      -36.352306 |      -38.762502 |      -31.191325 |      -42.975640
     360.0 |      0.000 |      -39.322624 |      -42.861175 |      -34.121323 |      -47.027081
     365.0 |      0.000 |      -42.288382 |      -46.963231 |      -37.046840 |      -51.081859
     370.0 |      0.000 |      -45.249129 |      -51.068915 |      -39.967434 |      -55.140214
     375.0 |      0.000 |      -48.204358 |      -55.178391 |      -42.882605 |      -59.202308
     380.0 |      0.000 |      -51.153796 |      -59.292149 |      -45.792086 |      -63.268627
     385.0 |      0.000 |      -54.096948 |      -63.410375 |      -48.695391 |      -67.339350
     390.0 |      0.000 |      -57.033326 |      -67.533257 |      -51.592038 |      -71.414665
     395.0 |      0.000 |      -59.962658 |      -71.661291 |      -54.481764 |      -75.495061
     400.0 |      0.000 |      -62.884421 |      -75.794619 |      -57.364052 |      -79.580677
     405.0 |      0.000 |      -65.798154 |      -79.933468 |      -60.238448 |      -83.671737
     410.0 |      0.000 |      -68.703550 |      -84.078287 |      -63.104653 |      -87.768685
     415.0 |      0.000 |      -71.600095 |      -88.229227 |      -65.962160 |      -91.871669
     420.0 |      0.000 |      -74.487351 |      -92.386551 |      -68.810540 |      -95.980948
     425.0 |      0.000 |      -77.364929 |      -96.550589 |      -71.649411 |     -100.096847
     430.0 |      0.000 |      -80.232383 |     -100.721587 |      -74.478332 |     -104.219610
     435.0 |      0.000 |      -83.089285 |     -104.899822 |      -77.296884 |     -108.349509
     440.0 |      0.000 |      -85.935116 |     -109.085434 |      -80.104558 |     -112.486682
     445.0 |      0.000 |      -88.769566 |     -113.278867 |      -82.901048 |     -116.631568
     450.0 |      0.000 |      -91.591418 |     -117.481449 |      -85.685159 |     -120.785476
     455.0 |      0.000 |      -94.348691 |     -121.724459 |      -88.405804 |     -124.979242
     460.0 |      0.000 |      -97.017198 |     -126.024272 |      -91.039216 |     -129.229016
     465.0 |      0.000 |      -99.600367 |     -130.375352 |      -93.588758 |     -133.529331
     470.0 |      0.000 |     -102.102721 |     -134.773590 |      -96.058871 |     -137.876136
     475.0 |      0.000 |     -104.528882 |     -139.214848 |      -98.454097 |     -142.265347
     480.0 |      0.000 |     -106.883117 |     -143.694106 |     -100.778623 |     -146.692011
     485.0 |      0.000 |     -109.170606 |     -148.207900 |     -103.037542 |     -151.152712
     490.0 |      0.000 |     -111.396531 |     -152.752761 |     -105.235943 |     -155.644031
     495.0 |      0.000 |     -113.566100 |     -157.325277 |     -107.378947 |     -160.162602
     500.0 |      0.000 |     -115.684056 |     -161.921028 |     -109.471210 |     -164.704066
     505.0 |      0.000 |     -117.756046 |     -166.537570 |     -111.518286 |     -169.266014
     510.0 |      0.000 |     -119.787643 |     -171.172427 |     -113.525652 |     -173.846007
     515.0 |      0.000 |     -121.784205 |     -175.822747 |     -115.498575 |     -178.441235
     520.0 |      0.000 |     -123.750913 |     -180.485334 |     -117.442148 |     -183.048545
     525.0 |      0.000 |     -125.693224 |     -185.157712 |     -119.361734 |     -187.665500
     530.0 |      0.000 |     -127.616828 |     -189.838068 |     -121.262929 |     -192.290314
     535.0 |      0.000 |     -129.527088 |     -194.523866 |     -123.151003 |     -196.920487
     540.0 |      0.000 |     -131.429361 |     -199.212600 |     -125.031226 |     -201.553553
     545.0 |      0.000 |     -133.329220 |     -203.902314 |     -126.909075 |     -206.187584
     550.0 |      0.000 |     -135.232129 |     -208.590785 |     -128.789922 |     -210.820389
     555.0 |      0.000 |     -137.143454 |     -213.275524 |     -130.679043 |     -215.449518
     560.0 |      0.000 |     -139.068574 |     -217.954033 |     -132.581727 |     -220.072510
     565.0 |      0.000 |     -141.013448 |     -222.625131 |     -134.503831 |     -224.688203
     570.0 |      0.000 |     -142.983279 |     -227.285714 |     -136.450473 |     -229.293537
     575.0 |      0.000 |     -144.983392 |     -231.932879 |     -138.426884 |     -233.885653
     580.0 |      0.000 |     -147.018279 |     -236.562834 |     -140.437478 |     -238.460808
     585.0 |      0.000 |     -149.069218 |     -241.190923 |     -142.463863 |     -243.034138
     590.0 |      0.000 |     -151.113398 |     -245.821594 |     -144.483602 |     -247.610011
     595.0 |      0.000 |     -153.142547 |     -250.458448 |     -146.488563 |     -252.191974
     600.0 |      0.000 |     -155.148453 |     -255.104971 |     -148.470673 |     -256.783462
     605.0 |      0.000 |     -157.122897 |     -259.764523 |     -150.421851 |     -261.387783
     610.0 |      0.000 |     -159.057575 |     -264.440310 |     -152.333934 |     -266.008096
     615.0 |      0.000 |     -160.944040 |     -269.135364 |     -154.198614 |     -270.647386
     620.0 |      0.000 |     -162.773639 |     -273.852512 |     -156.007384 |     -275.308436
     625.0 |      0.000 |     -164.537465 |     -278.594336 |     -157.751484 |     -279.993786
     630.0 |      0.000 |     -166.226313 |     -283.363125 |     -159.421863 |     -284.705686
     635.0 |      0.000 |     -167.830648 |     -288.160818 |     -161.009142 |     -289.446042
     640.0 |      0.000 |     -169.340587 |     -292.988942 |     -162.503600 |     -294.216350
     645.0 |      0.000 |     -170.745898 |     -297.848525 |     -163.895171 |     -299.017617
     650.0 |      0.000 |     -172.036021 |     -302.740020 |     -165.173468 |     -303.850275
     655.0 |      0.000 |     -173.200120 |     -307.663203 |     -166.327826 |     -308.714094
     660.0 |      0.000 |     -174.227160 |     -312.617080 |     -167.347388 |     -313.608078
     665.0 |      0.000 |     -175.106028 |     -317.599792 |     -168.221215 |     -318.530380
     670.0 |      0.000 |     -175.825692 |     -322.608528 |     -168.938448 |     -323.478211
     675.0 |      0.000 |     -176.375401 |     -327.639455 |     -169.488503 |     -328.447774
     680.0 |      0.000 |     -176.745719 |     -332.688237 |     -169.862086 |     -333.434775
     685.0 |      0.000 |     -177.013594 |     -337.742760 |     -170.134886 |     -338.427334
     690.0 |      0.000 |     -177.236624 |     -342.799249 |     -170.363566 |     -343.421786
     695.0 |      0.000 |     -177.416609 |     -347.857639 |     -170.549898 |     -348.418068
     700.0 |      0.000 |     -177.555348 |     -352.917631 |     -170.695651 |     -353.415889
     705.0 |      0.000 |     -177.654643 |     -357.978628 |     -170.802596 |     -358.414658
     710.0 |      0.000 |     -177.716315 |     -363.040436 |     -170.872526 |     -363.414187
     715.0 |      0.000 |     -177.742189 |     -368.102590 |     -170.907234 |     -368.414018
     720.0 |      0.000 |     -177.734096 |     -373.165187 |     -170.908523 |     -373.414250
     725.0 |      0.000 |     -177.693873 |     -378.227425 |     -170.878198 |     -378.414092
     730.0 |      0.000 |     -177.623354 |     -383.289609 |     -170.818064 |     -383.413848
     735.0 |      0.000 |     -177.524372 |     -388.351585 |     -170.729927 |     -388.413367
     740.0 |      0.000 |     -177.398776 |     -393.412684 |     -170.615601 |     -393.411991
     745.0 |      0.000 |     -177.248382 |     -398.473555 |     -170.476876 |     -398.410362
     750.0 |      0.000 |     -177.075035 |     -403.533574 |     -170.315566 |     -403.407867
     755.0 |      0.000 |     -176.880559 |     -408.592863 |     -170.133466 |     -408.404627
     760.0 |      0.000 |     -176.666764 |     -413.651740 |     -169.932357 |     -413.400960
     765.0 |      0.000 |     -176.435504 |     -418.709451 |     -169.714061 |     -418.396122
     770.0 |      0.000 |     -176.188563 |     -423.766717 |     -169.480337 |     -423.390827
     775.0 |      0.000 |     -175.927766 |     -428.823329 |     -169.232979 |     -428.384870
     780.0 |      0.000 |     -175.654932 |     -433.879195 |     -168.973775 |     -433.378165
     785.0 |      0.000 |     -175.371851 |     -438.934649 |     -168.704489 |     -438.371041
     790.0 |      0.000 |     -175.080342 |     -443.989536 |     -168.426910 |     -443.363347
     795.0 |      0.000 |     -174.782199 |     -449.044096 |     -168.142802 |     -448.355324
     800.0 |      0.000 |     -174.479231 |     -454.098250 |     -167.853947 |     -453.346894
     805.0 |      0.000 |     -174.173224 |     -459.152383 |     -167.562102 |     -458.338439
     810.0 |      0.000 |     -173.865994 |     -464.206311 |     -167.269052 |     -463.329782
     815.0 |      0.000 |     -173.559341 |     -469.260162 |     -166.976571 |     -468.321049
     820.0 |      0.000 |     -173.255047 |     -474.314381 |     -166.686411 |     -473.312682
     825.0 |      0.000 |     -172.954955 |     -479.368433 |     -166.400385 |     -478.304154
     830.0 |      0.000 |     -172.660831 |     -484.423127 |     -166.120232 |     -483.296267
     835.0 |      0.000 |     -172.374509 |     -489.478164 |     -165.847757 |     -488.288727
     840.0 |      0.000 |     -172.097830 |     -494.533160 |     -165.584768 |     -493.281158
     845.0 |      0.000 |     -171.805075 |     -499.594238 |     -165.305975 |     -498.279578
     850.0 |      0.000 |     -171.416382 |     -504.647943 |     -164.932773 |     -503.270610
     855.0 |      0.000 |     -170.858351 |     -509.683866 |     -164.392927 |     -508.243895
     860.0 |      0.000 |     -170.054820 |     -514.683896 |     -163.611467 |     -513.181460
     865.0 |      0.000 |     -168.919391 |     -519.616376 |     -162.503328 |     -518.051944
     870.0 |      0.000 |     -167.350460 |     -524.427831 |     -160.968443 |     -522.802418
     875.0 |      0.000 |     -165.233008 |     -529.027962 |     -158.893480 |     -527.343571
     880.0 |      0.000 |     -162.461970 |     -533.268075 |     -156.174793 |     -531.528424
     885.0 |      0.000 |     -158.981329 |     -536.960517 |     -152.756924 |     -535.171576
     890.0 |      0.000 |     -154.859072 |     -539.924759 |     -148.706436 |     -538.094794
     895.0 |      0.000 |     -150.284419 |     -542.143765 |     -144.209472 |     -540.281460
     900.0 |      0.000 |     -145.430430 |     -543.681887 |     -139.436424 |     -541.795323
     905.0 |      0.000 |     -140.425373 |     -544.609094 |     -134.513623 |     -542.705631
     910.0 |      0.000 |     -135.354365 |     -544.985972 |     -129.524927 |     -543.072315
     915.0 |      0.000 |     -130.271358 |     -544.854676 |     -124.523497 |     -542.937073
     920.0 |      0.000 |     -125.230382 |     -544.238104 |     -119.562533 |     -542.322576
     925.0 |      0.000 |     -120.276175 |     -543.141248 |     -114.686065 |     -541.233806
     930.0 |      0.000 |     -115.465428 |     -541.552996 |     -109.949849 |     -539.659850
     935.0 |      0.000 |     -110.860394 |     -539.441584 |     -105.415079 |     -537.569403
     940.0 |      0.000 |     -106.570478 |     -536.768906 |     -101.189330 |     -534.924948
     945.0 |      0.000 |     -102.738364 |     -533.488527 |      -97.412904 |     -531.680778
     950.0 |      0.000 |      -99.496588 |     -529.598807 |      -94.216199 |     -527.835420
     955.0 |      0.000 |      -96.875580 |     -525.270372 |      -91.629469 |     -523.557429
     960.0 |      0.000 |      -94.865020 |     -520.628510 |      -89.642789 |     -518.970540
     965.0 |      0.000 |      -93.479778 |     -515.765291 |      -88.270956 |     -514.165705
     970.0 |      0.000 |      -92.766037 |     -510.761730 |      -87.559560 |     -509.222992
     975.0 |      0.000 |      -92.805501 |     -505.709273 |      -87.589156 |     -504.232809
     980.0 |      0.000 |      -93.713494 |     -500.738185 |      -88.473450 |     -499.323944
     985.0 |      0.000 |      -95.184310 |     -495.888438 |      -89.911729 |     -494.535542
     990.0 |      0.000 |      -96.718553 |     -491.058393 |      -91.412450 |     -489.766669
     995.0 |      0.000 |      -98.289104 |     -486.239310 |      -92.948915 |     -485.008662
    1000.0 |      0.000 |      -99.975653 |     -481.458821 |      -94.599581 |     -480.288901
    1005.0 |      0.000 |     -101.707954 |     -476.694491 |      -96.295293 |     -475.585149
    1010.0 |      0.000 |     -103.416710 |     -471.922051 |      -97.967823 |     -470.873363
    1015.0 |      0.000 |     -105.032061 |     -467.117999 |      -99.548395 |     -466.130251
    1020.0 |      0.000 |     -106.482305 |     -462.262403 |     -100.966422 |     -461.336049
    1025.0 |      0.000 |     -107.698798 |     -457.344661 |     -102.154348 |     -456.480210
    1030.0 |      0.000 |     -108.780809 |     -452.393817 |     -103.209895 |     -451.591531
    1035.0 |      0.000 |     -109.791240 |     -447.428343 |     -104.194987 |     -446.688323
    1040.0 |      0.000 |     -110.729222 |     -442.449783 |     -105.108774 |     -441.772111
    1045.0 |      0.000 |     -111.594084 |     -437.458351 |     -105.950594 |     -436.843105
    1050.0 |      0.000 |     -112.384950 |     -432.454945 |     -106.719587 |     -431.902193
    1055.0 |      0.000 |     -113.100864 |     -427.440583 |     -107.414814 |     -426.950376
    1060.0 |      0.000 |     -113.740812 |     -422.416307 |     -108.035280 |     -421.988685
    1065.0 |      0.000 |     -114.303725 |     -417.383190 |     -108.579934 |     -417.018178
    1070.0 |      0.000 |     -114.788476 |     -412.342342 |     -109.047671 |     -412.039949
    1075.0 |      0.000 |     -115.193887 |     -407.294910 |     -109.437333 |     -407.055129
    1080.0 |      0.000 |     -115.518724 |     -402.242081 |     -109.747707 |     -402.064893
    1085.0 |      0.000 |     -115.761704 |     -397.185094 |     -109.977536 |     -397.070459
    1090.0 |      0.000 |     -115.921501 |     -392.125069 |     -110.125514 |     -392.072933
    1095.0 |      0.000 |     -115.996728 |     -387.063272 |     -110.190280 |     -387.073565
    1100.0 |      0.000 |     -115.985953 |     -382.001237 |     -110.170428 |     -382.073867
    1105.0 |      0.000 |     -115.887710 |     -376.940465 |     -110.064517 |     -377.075321
    1110.0 |      0.000 |     -115.700496 |     -371.882528 |     -109.871074 |     -372.079479
    1115.0 |      0.000 |     -115.422781 |     -366.829078 |     -109.588594 |     -367.087968
    1120.0 |      0.000 |     -115.053010 |     -361.781845 |     -109.215552 |     -362.102497
    1125.0 |      0.000 |     -114.589608 |     -356.742645 |     -108.750400 |     -357.124858
    1130.0 |      0.000 |     -114.030991 |     -351.713396 |     -108.191584 |     -352.156943
    1135.0 |      0.000 |     -113.376455 |     -346.696309 |     -107.538415 |     -347.200935
    1140.0 |      0.000 |     -112.702014 |     -341.680402 |     -106.865664 |     -342.246071
    1145.0 |      0.000 |     -112.043701 |     -336.662429 |     -106.208777 |     -337.289184
    1150.0 |      0.000 |     -111.380924 |     -331.645177 |     -105.547499 |     -332.333004
    1155.0 |      0.000 |     -110.693148 |     -326.631464 |     -104.861632 |     -327.380292
    1160.0 |      0.000 |     -109.959842 |     -321.624407 |     -104.130979 |     -322.434104
    1165.0 |      0.000 |     -109.160446 |     -316.627683 |     -103.335319 |     -317.498050
    1170.0 |      0.000 |     -108.274395 |     -311.645788 |     -102.454426 |     -312.576547
    1175.0 |      0.000 |     -107.281208 |     -306.684298 |     -101.468158 |     -307.675081
    1180.0 |      0.000 |     -106.160671 |     -301.750104 |     -100.356641 |     -302.800435
    1185.0 |      0.000 |     -104.891463 |     -296.854512 |      -99.098916 |     -297.963752
    1190.0 |      0.000 |     -103.118830 |     -292.109099 |      -97.346144 |     -293.274848
    1195.0 |      0.000 |     -100.712931 |     -287.655329 |      -94.970831 |     -288.873302
    1200.0 |      0.000 |      -97.793578 |     -283.512705 |      -92.090897 |     -284.778507
    1205.0 |      0.000 |      -94.452839 |     -279.699199 |      -88.796962 |     -281.008315
    1210.0 |      0.000 |      -90.760068 |     -276.232159 |      -85.157295 |     -277.579936
    1215.0 |      0.000 |      -86.757046 |     -273.125155 |      -81.213027 |     -274.506818
    1220.0 |      0.000 |      -82.480781 |     -270.408964 |      -77.000630 |     -271.819401
    1225.0 |      0.000 |      -77.956997 |     -268.125090 |      -72.545488 |     -269.558706
    1230.0 |      0.000 |      -73.220058 |     -266.337883 |      -67.881528 |     -267.788326
    1235.0 |      0.000 |      -68.298801 |     -265.129325 |      -63.037276 |     -266.589267
    1240.0 |      0.000 |      -63.256349 |     -264.611776 |      -58.075041 |     -266.072572
    1245.0 |      0.000 |      -58.196740 |     -264.897730 |      -53.097395 |     -266.349464
    1250.0 |      0.000 |      -53.156625 |     -265.555447 |      -48.139608 |     -266.993562
    1255.0 |      0.000 |      -48.132199 |     -266.326334 |      -43.197463 |     -267.749454
    1260.0 |      0.000 |      -43.123874 |     -267.198645 |      -38.271347 |     -268.605538
    1265.0 |      0.000 |      -38.131834 |     -268.160483 |      -33.361416 |     -269.550064
    1270.0 |      0.000 |      -33.155149 |     -269.200065 |      -28.466736 |     -270.571393
    1275.0 |      0.000 |      -28.192445 |     -270.305683 |      -23.585932 |     -271.657961
    1280.0 |      0.000 |      -23.241974 |     -271.465736 |      -18.717265 |     -272.798305
    1285.0 |      0.000 |      -18.302074 |     -272.668638 |      -13.859075 |     -273.980983
    1290.0 |      0.000 |      -13.369857 |     -273.903157 |       -9.008504 |     -275.194897
    1295.0 |      0.000 |       -8.442758 |     -275.158036 |       -4.163005 |     -276.428926
    1300.0 |      0.000 |       -3.518108 |     -276.422083 |        0.680068 |     -277.672012
    1305.0 |      0.000 |        1.406989 |     -277.684177 |        5.523584 |     -278.913169
    1310.0 |      0.000 |        6.335344 |     -278.933171 |       10.370329 |     -280.141384
    1315.0 |      0.000 |       11.269603 |     -280.157848 |       15.222929 |     -281.345575
    1320.0 |      0.000 |       16.212296 |     -281.346914 |       20.083891 |     -282.514584
    1325.0 |      0.000 |       21.165995 |     -282.489585 |       24.955767 |     -283.637758
    1330.0 |      0.000 |       26.127655 |     -283.599138 |       29.835536 |     -284.728212
    1335.0 |      0.000 |       31.093789 |     -284.687859 |       34.719745 |     -285.798086
    1340.0 |      0.000 |       36.063811 |     -285.758736 |       39.607813 |     -286.850333
    1345.0 |      0.000 |       41.037027 |     -286.814732 |       44.499050 |     -287.887878
    1350.0 |      0.000 |       46.012757 |     -287.858809 |       49.392783 |     -288.913648
    1355.0 |      0.000 |       50.990340 |     -288.893931 |       54.288355 |     -289.930570
    1360.0 |      0.000 |       55.969123 |     -289.923060 |       59.185118 |     -290.941573
    1365.0 |      0.000 |       60.948489 |     -290.949166 |       64.082461 |     -291.949589
    1370.0 |      0.000 |       65.927873 |     -291.975228 |       68.979821 |     -292.957562
    1375.0 |      0.000 |       70.906645 |     -293.004211 |       73.876575 |     -293.968420
    1380.0 |      0.000 |       75.884173 |     -294.039080 |       78.772093 |     -294.985094
    1385.0 |      0.000 |       80.859816 |     -295.082802 |       83.665740 |     -296.010514
    1390.0 |      0.000 |       85.832948 |     -296.138348 |       88.556896 |     -297.047614
    1395.0 |      0.000 |       90.803020 |     -297.208707 |       93.445013 |     -298.099348
    1400.0 |      0.000 |       95.769228 |     -298.296819 |       98.329297 |     -299.168621
    1405.0 |      0.000 |      100.730840 |     -299.405641 |      103.209020 |     -300.258354
    1410.0 |      0.000 |      105.687096 |     -300.538126 |      108.083430 |     -301.371464
    1415.0 |      0.000 |      110.637207 |     -301.697222 |      112.951746 |     -302.510865
    1420.0 |      0.000 |      115.580369 |     -302.885876 |      117.813171 |     -303.679466
    1425.0 |      0.000 |      120.515706 |     -304.107017 |      122.666836 |     -304.880163
    1430.0 |      0.000 |      125.442161 |     -305.363523 |      127.511698 |     -306.115800
    1435.0 |      0.000 |      130.358734 |     -306.658282 |      132.346769 |     -307.389229
    1440.0 |      0.000 |      135.264383 |     -307.994160 |      137.171015 |     -308.703282
    1445.0 |      0.000 |      140.154576 |     -309.378262 |      141.979966 |     -310.064982
    1450.0 |      0.000 |      144.962723 |     -311.050882 |      146.707663 |     -311.711737
    1455.0 |      0.000 |      149.613926 |     -313.105367 |      151.280247 |     -313.735824
    1460.0 |      0.000 |      154.097148 |     -315.508083 |      155.686915 |     -316.104038
    1465.0 |      0.000 |      158.393527 |     -318.229518 |      159.909166 |     -318.787250
    1470.0 |      0.000 |      162.483529 |     -321.245483 |      163.927825 |     -321.761589
    1475.0 |      0.000 |      166.350879 |     -324.540467 |      167.726904 |     -325.011755
    1480.0 |      0.000 |      169.971891 |     -328.099762 |      171.283128 |     -328.523247
    1485.0 |      0.000 |      173.321514 |     -331.914243 |      174.571864 |     -332.287077
    1490.0 |      0.000 |      176.365144 |     -335.971750 |      177.559089 |     -336.291275
    1495.0 |      0.000 |      179.064051 |     -340.262271 |      180.206714 |     -340.525996
    1500.0 |      0.000 |      181.372434 |     -344.774728 |      182.469695 |     -344.980345
    1505.0 |      0.000 |      183.236176 |     -349.482568 |      184.294835 |     -349.628158
    1510.0 |      0.000 |      184.734683 |     -354.321039 |      185.760380 |     -354.405393
    1515.0 |      0.000 |      185.944685 |     -359.240359 |      186.941916 |     -359.262797
    1520.0 |      0.000 |      186.899965 |     -364.215143 |      187.872728 |     -364.175261
    1525.0 |      0.000 |      187.638267 |     -369.227043 |      188.589988 |     -369.124621
    1530.0 |      0.000 |      188.198416 |     -374.260525 |      189.131922 |     -374.095492
    1535.0 |      0.000 |      188.619684 |     -379.307981 |      189.537186 |     -379.080317
    1540.0 |      0.000 |      188.940327 |     -384.362026 |      189.843432 |     -384.071759
    1545.0 |      0.000 |      189.197941 |     -389.419080 |      190.087658 |     -389.066243
    1550.0 |      0.000 |      189.429506 |     -394.476871 |      190.306253 |     -394.061485
    1555.0 |      0.000 |      189.671831 |     -399.533877 |      190.535436 |     -399.055937
    1560.0 |      0.000 |      189.962052 |     -404.588112 |      190.811749 |     -404.047602
    1565.0 |      0.000 |      190.338017 |     -409.635192 |      191.172440 |     -409.032105
    1570.0 |      0.000 |      190.782017 |     -414.678427 |      191.600077 |     -414.012736
    1575.0 |      0.000 |      191.248178 |     -419.722832 |      192.049517 |     -418.994498
    1580.0 |      0.000 |      191.731130 |     -424.767642 |      192.515476 |     -423.976643
    1585.0 |      0.000 |      192.225031 |     -429.806799 |      192.992219 |     -428.953191
    1590.0 |      0.000 |      192.725396 |     -434.847499 |      193.475319 |     -433.931258
    1595.0 |      0.000 |      193.227010 |     -439.888863 |      193.959646 |     -438.909978
    1600.0 |      0.000 |      193.724497 |     -444.928062 |      194.439917 |     -443.886564
    1605.0 |      0.000 |      194.213199 |     -449.969244 |      194.911539 |     -448.865118
    1610.0 |      0.000 |      194.687954 |     -455.011401 |      195.369439 |     -453.844651
    1615.0 |      0.000 |      195.143729 |     -460.054819 |      195.808661 |     -458.825450
    1620.0 |      0.000 |      195.575520 |     -465.100287 |      196.224281 |     -463.808300
    1625.0 |      0.000 |      195.978166 |     -470.147077 |      196.611224 |     -468.792488
    1630.0 |      0.000 |      196.346712 |     -475.197570 |      196.964608 |     -473.780370
    1635.0 |      0.000 |      196.675815 |     -480.249704 |      197.279182 |     -478.769917
    1640.0 |      0.000 |      196.960240 |     -485.303168 |      197.549794 |     -483.760825
    1645.0 |      0.000 |      197.194852 |     -490.361281 |      197.771386 |     -488.756380
    1650.0 |      0.000 |      197.374078 |     -495.419864 |      197.938483 |     -493.752460
    1655.0 |      0.000 |      197.492525 |     -500.478875 |      198.045779 |     -498.749030
    1660.0 |      0.000 |      197.544733 |     -505.541524 |      198.087895 |     -503.749264
    1665.0 |      0.000 |      197.525058 |     -510.602314 |      198.059289 |     -508.747743
    1670.0 |      0.000 |      197.427934 |     -515.661103 |      197.954484 |     -513.744328
    1675.0 |      0.000 |      197.247606 |     -520.719978 |      197.767813 |     -518.741090
    1680.0 |      0.000 |      196.978553 |     -525.773025 |      197.493857 |     -523.732193
    1685.0 |      0.000 |      196.615144 |     -530.819634 |      197.127075 |     -528.717041
    1690.0 |      0.000 |      196.151658 |     -535.859454 |      196.661840 |     -533.695293
    1695.0 |      0.000 |      195.582884 |     -540.887363 |      196.093032 |     -538.661895
    1700.0 |      0.000 |      194.903362 |     -545.902247 |      195.415283 |     -543.615754
    1705.0 |      0.000 |      194.108277 |     -550.899266 |      194.623865 |     -548.552095
    1710.0 |      0.000 |      193.192737 |     -555.875952 |      193.713967 |     -553.468485
    1715.0 |      0.000 |      192.151754 |     -560.831079 |      192.680684 |     -558.363720
    1720.0 |      0.000 |      191.036840 |     -565.767010 |      191.574696 |     -563.240076
    1725.0 |      0.000 |      189.904154 |     -570.698464 |      190.451230 |     -568.112029
    1730.0 |      0.000 |      188.754260 |     -575.626148 |      189.310840 |     -572.980277
    1735.0 |      0.000 |      187.587930 |     -580.549817 |      188.154285 |     -577.844577
    1740.0 |      0.000 |      186.405801 |     -585.469804 |      186.982193 |     -582.705259
    1745.0 |      0.000 |      185.208591 |     -590.386104 |      185.795270 |     -587.562315
    1750.0 |      0.000 |      183.996984 |     -595.298864 |      184.594186 |     -592.415891
    1755.0 |      0.000 |      182.771653 |     -600.208265 |      183.379607 |     -597.266164
    1760.0 |      0.000 |      181.533315 |     -605.114317 |      182.152236 |     -602.113144
    1765.0 |      0.000 |      180.282612 |     -610.017336 |      180.912705 |     -606.957141
    1770.0 |      0.000 |      179.020286 |     -614.917241 |      179.661743 |     -611.798076
    1775.0 |      0.000 |      177.746952 |     -619.814442 |      178.399955 |     -616.636351
    1780.0 |      0.000 |      176.463369 |     -624.708801 |      177.128088 |     -621.471832
    1785.0 |      0.000 |      175.170136 |     -629.600783 |      175.846731 |     -626.304975
    1790.0 |      0.000 |      173.868017 |     -634.490231 |      174.556637 |     -631.135625
    1795.0 |      0.000 |      172.557607 |     -639.377631 |      173.258388 |     -635.964261
    1800.0 |      0.000 |      171.239669 |     -644.262831 |      171.952736 |     -640.790733
    1805.0 |      0.000 |      169.914794 |     -649.146314 |      170.640263 |     -645.615516
    1810.0 |      0.000 |      168.583741 |     -654.027956 |      169.321713 |     -650.438487
    1815.0 |      0.000 |      167.247108 |     -658.908211 |      167.997676 |     -655.260096
    1820.0 |      0.000 |      165.905639 |     -663.787003 |      166.668884 |     -660.080264
    1825.0 |      0.000 |      164.559945 |     -668.664741 |      165.335937 |     -664.899396
    1830.0 |      0.000 |      163.210754 |     -673.541409 |      163.999550 |     -669.717475
    1835.0 |      0.000 |      161.858691 |     -678.417357 |      162.660340 |     -674.534846
    1840.0 |      0.000 |      160.504466 |     -683.292638 |      161.319003 |     -679.351560
    1845.0 |      0.000 |      159.148722 |     -688.167533 |      159.976173 |     -684.167895
    1850.0 |      0.000 |      157.792148 |     -693.042171 |      158.632527 |     -688.983977
    1855.0 |      0.000 |      156.435410 |     -697.916759 |      157.288718 |     -693.800010
    1860.0 |      0.000 |      155.079172 |     -702.791502 |      155.945402 |     -698.616195
    1865.0 |      0.000 |      153.724122 |     -707.666531 |      154.603255 |     -703.432662
    1870.0 |      0.000 |      152.370905 |     -712.542126 |      153.262909 |     -708.249685
    1875.0 |      0.000 |      151.020228 |     -717.418343 |      151.925062 |     -713.067320
    1880.0 |      0.000 |      149.672719 |     -722.295530 |      150.590330 |     -717.885910
    1885.0 |      0.000 |      148.329104 |     -727.173677 |      149.259427 |     -722.705444
    1890.0 |      0.000 |      146.989993 |     -732.053189 |      147.932954 |     -727.526320
    1895.0 |      0.000 |      145.656129 |     -736.933997 |      146.611640 |     -732.348472
    1900.0 |      0.000 |      144.328113 |     -741.816551 |      145.296077 |     -737.172340
    1905.0 |      0.000 |      143.006697 |     -746.700738 |      143.987006 |     -741.997816
    1910.0 |      0.000 |      141.692477 |     -751.587034 |      142.685010 |     -746.825365
    1915.0 |      0.000 |      140.386213 |     -756.475300 |      141.390839 |     -751.654852
    1920.0 |      0.000 |      139.219172 |     -761.401499 |      140.233580 |     -756.521653
    1925.0 |      0.000 |      138.374808 |     -766.394326 |      139.393684 |     -761.453908
    1930.0 |      0.000 |      137.856776 |     -771.430299 |      138.874787 |     -766.428420
    1935.0 |      0.000 |      137.674711 |     -776.488897 |      138.686408 |     -771.424909
    1940.0 |      0.000 |      137.845625 |     -781.547589 |      138.845327 |     -776.421106
    1945.0 |      0.000 |      138.393393 |     -786.579504 |      139.375083 |     -781.390443
    1950.0 |      0.000 |      139.347994 |     -791.550821 |      140.305233 |     -786.299484
    1955.0 |      0.000 |      140.743904 |     -796.417827 |      141.669781 |     -791.105015
    1960.0 |      0.000 |      142.616783 |     -801.124009 |      143.503914 |     -795.751179
    1965.0 |      0.000 |      144.997437 |     -805.598213 |      145.838072 |     -800.167668
    1970.0 |      0.000 |      147.900859 |     -809.751851 |      148.687171 |     -804.266967
    1975.0 |      0.000 |      151.290471 |     -813.525053 |      152.015328 |     -807.989984
    1980.0 |      0.000 |      155.092073 |     -816.891487 |      155.749587 |     -811.310791
    1985.0 |      0.000 |      159.227922 |     -819.849268 |      159.813460 |     -814.227614
    1990.0 |      0.000 |      163.625244 |     -822.413511 |      164.135316 |     -816.755459
    1995.0 |      0.000 |      168.221434 |     -824.609477 |      168.653513 |     -818.919345
    2000.0 |      0.000 |      172.962818 |     -826.465840 |      173.315188 |     -820.747653
    2005.0 |      0.000 |      177.810285 |     -828.013474 |      178.081801 |     -822.270917
    2010.0 |      0.000 |      182.738522 |     -829.282058 |      182.928394 |     -823.518481
    2015.0 |      0.000 |      187.724843 |     -830.296246 |      187.832602 |     -824.514718
    2020.0 |      0.000 |      192.751818 |     -831.077193 |      192.777236 |     -825.280543
    2025.0 |      0.000 |      197.805916 |     -831.642577 |      197.748950 |     -825.833430
    2030.0 |      0.000 |      202.876415 |     -832.006738 |      202.737169 |     -826.187556
    2035.0 |      0.000 |      207.954524 |     -832.180849 |      207.733222 |     -826.353962
    2040.0 |      0.000 |      213.032630 |     -832.173014 |      212.729604 |     -826.340665
    2045.0 |      0.000 |      218.103566 |     -831.988275 |      217.719257 |     -826.152649
    2050.0 |      0.000 |      223.159778 |     -831.628457 |      222.694740 |     -825.791728
    2055.0 |      0.000 |      228.191948 |     -831.091852 |      227.646894 |     -825.256223
    2060.0 |      0.000 |      233.223340 |     -830.439360 |      232.598492 |     -824.606261
    2065.0 |      0.000 |      238.256969 |     -829.761004 |      237.552340 |     -823.930749
    2070.0 |      0.000 |      243.287549 |     -829.058917 |      242.503230 |     -823.231803
    2075.0 |      0.000 |      248.314714 |     -828.334206 |      247.450801 |     -822.510514
    2080.0 |      0.000 |      253.338704 |     -827.587895 |      252.395289 |     -821.767895
    2085.0 |      0.000 |      258.359549 |     -826.821041 |      257.336720 |     -821.004991
    2090.0 |      0.000 |      263.377278 |     -826.034704 |      262.275120 |     -820.222846
    2095.0 |      0.000 |      268.392078 |     -825.229919 |      267.210672 |     -819.422484
    2100.0 |      0.000 |      273.403955 |     -824.407752 |      272.143381 |     -818.604956
    2105.0 |      0.000 |      278.413095 |     -823.569239 |      277.073426 |     -817.771287
    2110.0 |      0.000 |      283.419606 |     -822.715430 |      282.000912 |     -816.922513
    2115.0 |      0.000 |      288.423573 |     -821.847379 |      286.925921 |     -816.059676
    2120.0 |      0.000 |      293.425267 |     -820.966108 |      291.848718 |     -815.183785
    2125.0 |      0.000 |      298.424634 |     -820.072697 |      296.769248 |     -814.295904
    2130.0 |      0.000 |      303.422118 |     -819.168134 |      301.687945 |     -813.397012
    2135.0 |      0.000 |      308.417531 |     -818.253523 |      306.604623 |     -812.488198
    2140.0 |      0.000 |      313.411462 |     -817.329826 |      311.519860 |     -811.570411
    2145.0 |      0.000 |      318.403627 |     -816.398165 |      316.433372 |     -810.644760
    2150.0 |      0.000 |      323.394704 |     -815.459480 |      321.345829 |     -809.712173
    2155.0 |      0.000 |      328.384375 |     -814.514902 |      326.256912 |     -808.773767
    2160.0 |      0.000 |      333.373301 |     -813.565374 |      331.167271 |     -807.830472
    2165.0 |      0.000 |      338.361297 |     -812.611998 |      336.076722 |     -806.883379
    2170.0 |      0.000 |      343.348849 |     -811.655751 |      340.985742 |     -805.933450
    2175.0 |      0.000 |      348.335964 |     -810.697698 |      345.894335 |     -804.981738
    2180.0 |      0.000 |      353.322954 |     -809.738849 |      350.802806 |     -804.029239
    2185.0 |      0.000 |      358.309977 |     -808.780240 |      355.711310 |     -803.076978
    2190.0 |      0.000 |      363.297228 |     -807.822902 |      360.620035 |     -802.125971
    2195.0 |      0.000 |      368.284947 |     -806.867855 |      365.529217 |     -801.177228
    2200.0 |      0.000 |      373.273279 |     -805.916141 |      370.438996 |     -800.231775
    2205.0 |      0.000 |      378.262475 |     -804.968779 |      375.349617 |     -799.290620
    2210.0 |      0.000 |      383.252694 |     -804.026806 |      380.261235 |     -798.354786
    2215.0 |      0.000 |      388.244134 |     -803.091254 |      385.174041 |     -797.425293
    2220.0 |      0.000 |      393.237021 |     -802.163148 |      390.088258 |     -796.503152
    2225.0 |      0.000 |      398.231446 |     -801.243538 |      395.003974 |     -795.589402
    2230.0 |      0.000 |      403.227742 |     -800.333432 |      399.921513 |     -794.685036
    2235.0 |      0.000 |      408.225869 |     -799.433906 |      404.840833 |     -793.791117
    2240.0 |      0.000 |      413.226264 |     -798.545947 |      409.762364 |     -792.908622
    2245.0 |      0.000 |      418.228768 |     -797.670654 |      414.685947 |     -792.038633
    2250.0 |      0.000 |      423.233887 |     -796.809004 |      419.612079 |     -791.182117
    2255.0 |      0.000 |      428.241402 |     -795.962104 |      424.540539 |     -790.340166
    2260.0 |      0.000 |      433.251798 |     -795.130937 |      429.471807 |     -789.513751
    2265.0 |      0.000 |      438.264917 |     -794.316597 |      434.405723 |     -788.703953
    2270.0 |      0.000 |      443.279311 |     -793.509504 |      439.340880 |     -787.901312
    2275.0 |      0.000 |      448.292460 |     -792.694873 |      444.274825 |     -787.091226
    2280.0 |      0.000 |      453.304275 |     -791.872281 |      449.207474 |     -786.273280
    2285.0 |      0.000 |      458.314692 |     -791.041416 |      454.138761 |     -785.447163
    2290.0 |      0.000 |      463.323639 |     -790.201963 |      459.068618 |     -784.612567
    2295.0 |      0.000 |      468.331049 |     -789.353610 |      463.996978 |     -783.769180
    2300.0 |      0.000 |      473.336847 |     -788.496042 |      468.923771 |     -782.916695
    2305.0 |      0.000 |      478.340963 |     -787.628946 |      473.848924 |     -782.054801
    2310.0 |      0.000 |      483.343319 |     -786.752010 |      478.772365 |     -781.183190
    2315.0 |      0.000 |      488.343840 |     -785.864920 |      483.694018 |     -780.301552
    2320.0 |      0.000 |      493.342450 |     -784.967364 |      488.613810 |     -779.409579
    2325.0 |      0.000 |      498.339066 |     -784.059029 |      493.531660 |     -778.506962
    2330.0 |      0.000 |      503.333604 |     -783.139603 |      498.447487 |     -777.593393
    2335.0 |      0.000 |      508.325980 |     -782.208775 |      503.361206 |     -776.668564
    2340.0 |      0.000 |      513.316106 |     -781.266233 |      508.272734 |     -775.732169
    2345.0 |      0.000 |      518.303894 |     -780.311667 |      513.181982 |     -774.783899
    2350.0 |      0.000 |      523.289250 |     -779.344765 |      518.088861 |     -773.823449
    2355.0 |      0.000 |      528.272083 |     -778.365218 |      522.993279 |     -772.850512
    2360.0 |      0.000 |      533.210780 |     -777.178219 |      527.854652 |     -771.672728
    2365.0 |      0.000 |      537.985571 |     -775.459760 |      532.555729 |     -769.970207
    2370.0 |      0.000 |      542.482762 |     -773.128290 |      536.984793 |     -767.662531
    2375.0 |      0.000 |      546.503715 |     -770.063980 |      540.946625 |     -764.631562
    2380.0 |      0.000 |      549.708959 |     -766.167490 |      544.107397 |     -760.779556
    2385.0 |      0.000 |      552.220756 |     -761.773633 |      546.586794 |     -756.437070
    2390.0 |      0.000 |      554.697920 |     -757.360704 |      549.032150 |     -752.075783
    2395.0 |      0.000 |      557.146645 |     -752.931958 |      551.449553 |     -747.698905
    2400.0 |      0.000 |      559.565826 |     -748.487066 |      553.837917 |     -743.306112
    2405.0 |      0.000 |      561.954331 |     -744.025733 |      556.196130 |     -738.897115
    2410.0 |      0.000 |      564.311044 |     -739.547624 |      558.523092 |     -734.471583
    2415.0 |      0.000 |      566.634836 |     -735.052411 |      560.817695 |     -730.029194
    2420.0 |      0.000 |      568.924542 |     -730.539827 |      563.078792 |     -725.569685
    2425.0 |      0.000 |      571.178990 |     -726.009601 |      565.305231 |     -721.092789
    2430.0 |      0.000 |      573.397001 |     -721.461465 |      567.495853 |     -716.598245
    2435.0 |      0.000 |      575.577348 |     -716.895238 |      569.649449 |     -712.085873
    2440.0 |      0.000 |      577.718803 |     -712.310732 |      571.764812 |     -707.555490
    2445.0 |      0.000 |      579.820140 |     -707.707743 |      573.840738 |     -703.006897
    2450.0 |      0.000 |      581.880117 |     -703.086097 |      575.876003 |     -698.439921
    2455.0 |      0.000 |      583.897433 |     -698.445746 |      577.869328 |     -693.854517
    2460.0 |      0.000 |      585.870804 |     -693.786607 |      579.819450 |     -689.250604
    2465.0 |      0.000 |      587.768800 |     -689.091120 |      581.695477 |     -684.610873
    2470.0 |      0.000 |      589.532923 |     -684.358739 |      583.439852 |     -679.934850
    2475.0 |      0.000 |      591.173227 |     -679.571862 |      585.062502 |     -675.205138
    2480.0 |      0.000 |      592.687654 |     -674.749239 |      586.561365 |     -670.440257
    2485.0 |      0.000 |      594.082647 |     -669.885928 |      587.942791 |     -665.635321
    2490.0 |      0.000 |      595.360484 |     -664.991294 |      589.209005 |     -660.799575
    2495.0 |      0.000 |      596.525676 |     -660.068479 |      590.364438 |     -655.936119
    2500.0 |      0.000 |      597.583400 |     -655.118158 |      591.414184 |     -651.045613
    2505.0 |      0.000 |      598.537035 |     -650.150548 |      592.361546 |     -646.138146
    2510.0 |      0.000 |      599.393444 |     -645.158649 |      593.213293 |     -641.206795
    2515.0 |      0.000 |      600.155513 |     -640.158440 |      593.972233 |     -636.267339
    2520.0 |      0.000 |      600.830806 |     -635.136753 |      594.645834 |     -631.306765
    2525.0 |      0.000 |      601.422200 |     -630.113636 |      595.236888 |     -626.344871
    2530.0 |      0.000 |      601.937238 |     -625.071680 |      595.752850 |     -621.364453
    2535.0 |      0.000 |      602.379096 |     -620.033058 |      596.196803 |     -616.387408
    2540.0 |      0.000 |      602.754851 |     -614.978248 |      596.575747 |     -611.394447
    2545.0 |      0.000 |      603.068114 |     -609.929553 |      596.893194 |     -606.407594
    2550.0 |      0.000 |      603.325303 |     -604.867420 |      597.155493 |     -601.407531
    2555.0 |      0.000 |      603.530457 |     -599.812479 |      597.366583 |     -596.414627
    2560.0 |      0.000 |      603.689332 |     -594.746951 |      597.532157 |     -591.411317
    2565.0 |      0.000 |      603.806295 |     -589.688323 |      597.656482 |     -586.414868
    2570.0 |      0.000 |      603.886558 |     -584.621986 |      597.744711 |     -581.410846
    2575.0 |      0.000 |      603.934678 |     -579.561284 |      597.801305 |     -576.412424
    2580.0 |      0.000 |      603.955494 |     -574.495664 |      597.831043 |     -571.409174
    2585.0 |      0.000 |      603.953625 |     -569.433814 |      597.838454 |     -566.409673
    2590.0 |      0.000 |      603.933703 |     -564.369632 |      597.828107 |     -561.407889
    2595.0 |      0.000 |      603.900326 |     -559.307104 |      597.804519 |     -556.407753
    2600.0 |      0.000 |      603.858052 |     -554.244525 |      597.772177 |     -551.407576
    2605.0 |      0.000 |      603.811431 |     -549.181518 |      597.735558 |     -546.406982
    2610.0 |      0.000 |      603.765034 |     -544.120389 |      597.699157 |     -541.408242
    2615.0 |      0.000 |      603.723387 |     -539.057000 |      597.667433 |     -536.407265
    2620.0 |      0.000 |      603.691117 |     -533.997077 |      597.644930 |     -531.409700
    2625.0 |      0.000 |      603.672801 |     -528.933459 |      597.636162 |     -526.408471
    2630.0 |      0.000 |      603.673125 |     -523.874635 |      597.645725 |     -521.411956
    2635.0 |      0.000 |      603.696813 |     -518.811165 |      597.678285 |     -516.410827
    2640.0 |      0.000 |      603.748594 |     -513.753706 |      597.738475 |     -511.415604
    2645.0 |      0.000 |      603.833452 |     -508.691173 |      597.831218 |     -506.415334
    2650.0 |      0.000 |      603.956123 |     -503.635956 |      597.961152 |     -501.422248
    2655.0 |      0.000 |      604.121960 |     -498.575762 |      598.133568 |     -496.424199
    2660.0 |      0.000 |      604.335655 |     -493.524501 |      598.353053 |     -491.434920
    2665.0 |      0.000 |      604.574093 |     -488.472097 |      598.596886 |     -486.444486
    2670.0 |      0.000 |      604.770604 |     -483.414182 |      598.799477 |     -481.448655
    2675.0 |      0.000 |      604.923552 |     -478.354616 |      598.959209 |     -476.451241
    2680.0 |      0.000 |      605.034655 |     -473.293812 |      599.077772 |     -471.452649
    2685.0 |      0.000 |      605.105639 |     -468.232141 |      599.156864 |     -466.453245
    2690.0 |      0.000 |      605.138236 |     -463.169937 |      599.198187 |     -461.453357
    2695.0 |      0.000 |      605.134178 |     -458.107498 |      599.203445 |     -456.453276
    2700.0 |      0.000 |      605.095199 |     -453.045086 |      599.174345 |     -451.453261
    2705.0 |      0.000 |      605.023036 |     -447.982970 |      599.112594 |     -446.453574
    2710.0 |      0.000 |      604.919420 |     -442.921333 |      599.019895 |     -441.454395
    2715.0 |      0.000 |      604.786081 |     -437.860292 |      598.897951 |     -436.455837
    2720.0 |      0.000 |      604.624746 |     -432.799971 |      598.748460 |     -431.458021
    2725.0 |      0.000 |      604.437136 |     -427.740470 |      598.573116 |     -426.461043
    2730.0 |      0.000 |      604.224970 |     -422.681863 |      598.373609 |     -421.464976
    2735.0 |      0.000 |      603.989962 |     -417.624204 |      598.151627 |     -416.469869
    2740.0 |      0.000 |      603.733822 |     -412.567522 |      597.908850 |     -411.475751
    2745.0 |      0.000 |      603.458255 |     -407.511827 |      597.646957 |     -406.482629
    2750.0 |      0.000 |      603.164963 |     -402.457113 |      597.367623 |     -401.490496
    2755.0 |      0.000 |      602.855645 |     -397.403355 |      597.072520 |     -396.499323
    2760.0 |      0.000 |      602.531992 |     -392.350428 |      596.763310 |     -391.508988
    2765.0 |      0.000 |      602.195697 |     -387.298263 |      596.441660 |     -386.519419
    2770.0 |      0.000 |      601.848452 |     -382.246826 |      596.109236 |     -381.530580
    2775.0 |      0.000 |      601.552161 |     -377.192864 |      595.826949 |     -376.539193
    2780.0 |      0.000 |      601.457884 |     -372.132582 |      595.743438 |     -371.541342
    2785.0 |      0.000 |      601.561364 |     -367.072050 |      595.854500 |     -366.543028
    2790.0 |      0.000 |      601.849210 |     -362.018827 |      596.146947 |     -361.551730
    2795.0 |      0.000 |      602.307382 |     -356.978277 |      596.606955 |     -356.572763
    2800.0 |      0.000 |      602.921578 |     -351.954314 |      597.220446 |     -351.610008
    2805.0 |      0.000 |      603.677504 |     -346.949644 |      597.973350 |     -346.666153
    2810.0 |      0.000 |      604.561065 |     -341.965887 |      598.851797 |     -341.742814
    2815.0 |      0.000 |      605.558502 |     -337.003715 |      599.842247 |     -336.840670
    2820.0 |      0.000 |      606.656461 |     -332.062984 |      600.931562 |     -331.959592
    2825.0 |      0.000 |      607.842022 |     -327.142856 |      602.107031 |     -327.098767
    2830.0 |      0.000 |      609.102650 |     -322.242064 |      603.356324 |     -322.256959
    2835.0 |      0.000 |      610.426373 |     -317.358199 |      604.667665 |     -317.431799
    2840.0 |      0.000 |      611.801485 |     -312.488724 |      606.029542 |     -312.620796
    2845.0 |      0.000 |      613.216470 |     -307.630968 |      607.430629 |     -307.821325
    2850.0 |      0.000 |      614.659946 |     -302.782016 |      608.859731 |     -303.030517
    2855.0 |      0.000 |      616.120555 |     -297.938762 |      610.305680 |     -298.245318
    2860.0 |      0.000 |      617.586835 |     -293.097982 |      611.757206 |     -293.462558
    2865.0 |      0.000 |      618.881724 |     -288.204668 |      613.040194 |     -288.628097
    2870.0 |      0.000 |      619.597641 |     -283.187822 |      613.753756 |     -283.672260
    2875.0 |      0.000 |      619.682079 |     -278.129827 |      613.846078 |     -278.676472
    2880.0 |      0.000 |      618.989290 |     -273.124863 |      613.173586 |     -273.733913
    2885.0 |      0.000 |      617.237850 |     -268.391681 |      611.458987 |     -269.060947
    2890.0 |      0.000 |      614.089710 |     -264.455705 |      608.368713 |     -265.176897
    2895.0 |      0.000 |      609.732225 |     -261.867464 |      604.086095 |     -262.625306
    2900.0 |      0.000 |      604.896597 |     -260.312319 |      599.331143 |     -261.094610
    2905.0 |      0.000 |      599.882599 |     -259.432687 |      594.399458 |     -260.231301
    2910.0 |      0.000 |      594.827716 |     -258.876222 |      589.426956 |     -259.687224
    2915.0 |      0.000 |      589.775722 |     -258.330079 |      584.457277 |     -259.153338
    2920.0 |      0.000 |      584.771160 |     -257.479093 |      579.534824 |     -258.318313
    2925.0 |      0.000 |      579.937620 |     -255.953762 |      574.781872 |     -256.817061
    2930.0 |      0.000 |      575.579958 |     -253.375186 |      570.499064 |     -254.275016
    2935.0 |      0.000 |      572.027778 |     -249.751387 |      567.010682 |     -250.699740
    2940.0 |      0.000 |      569.228908 |     -245.527308 |      564.264581 |     -246.530753
    2945.0 |      0.000 |      567.125454 |     -240.914592 |      562.203414 |     -241.977155
    2950.0 |      0.000 |      565.593119 |     -236.079765 |      560.704579 |     -237.203557
    2955.0 |      0.000 |      564.490321 |     -231.129688 |      559.628578 |     -232.315658
    2960.0 |      0.000 |      563.687479 |     -226.125184 |      558.847804 |     -227.373673
    2965.0 |      0.000 |      563.071320 |     -221.098248 |      558.250749 |     -222.409329
    2970.0 |      0.000 |      562.538346 |     -216.063979 |      557.735553 |     -217.437650
    2975.0 |      0.000 |      561.984184 |     -211.034634 |      557.199502 |     -212.470858
    2980.0 |      0.000 |      561.397138 |     -206.011909 |      556.631083 |     -207.510641
    2985.0 |      0.000 |      560.973743 |     -200.966644 |      556.223723 |     -202.527983
    2990.0 |      0.000 |      560.706462 |     -195.910565 |      555.969984 |     -197.534472
    2995.0 |      0.000 |      560.574280 |     -190.849128 |      555.849179 |     -192.535522
    3000.0 |      0.000 |      560.555962 |     -185.786077 |      555.840408 |     -187.534853
    3005.0 |      0.000 |      560.630338 |     -180.723698 |      555.922839 |     -182.534746
    3010.0 |      0.000 |      560.776451 |     -175.663100 |      556.075847 |     -177.536319
    3015.0 |      0.000 |      560.973603 |     -170.604493 |      556.279070 |     -172.539803
    3020.0 |      0.000 |      561.201334 |     -165.547449 |      556.512377 |     -167.544798
    3025.0 |      0.000 |      561.439337 |     -160.491159 |      556.755789 |     -162.550526
    3030.0 |      0.000 |      561.667346 |     -155.434671 |      556.989368 |     -157.556069
    3035.0 |      0.000 |      561.865021 |     -150.377126 |      557.193104 |     -152.560602
    3040.0 |      0.000 |      562.011827 |     -145.318003 |      557.346791 |     -147.563632
    3045.0 |      0.000 |      562.086948 |     -140.257364 |      557.429952 |     -142.565243
    3050.0 |      0.000 |      562.069254 |     -135.196125 |      557.421791 |     -137.566362
    3055.0 |      0.000 |      561.937326 |     -130.136328 |      557.301233 |     -132.569032
    3060.0 |      0.000 |      561.669598 |     -125.081439 |      557.047053 |     -127.576697
    3065.0 |      0.000 |      561.244621 |     -120.036616 |      556.638135 |     -122.594476
    3070.0 |      0.000 |      560.641475 |     -115.008959 |      556.053885 |     -117.629406
    3075.0 |      0.000 |      559.840346 |     -110.007602 |      555.274790 |     -112.690528
    3080.0 |      0.000 |      558.835225 |     -105.039445 |      554.294927 |     -107.784665
    3085.0 |      0.000 |      557.650700 |     -100.110124 |      553.138476 |     -102.917355
    3090.0 |      0.000 |      556.284169 |      -95.229036 |      551.802861 |      -98.097884
    3095.0 |      0.000 |      554.728740 |      -90.403722 |      550.281286 |      -93.333705
    3100.0 |      0.000 |      552.977085 |      -85.646447 |      548.566519 |      -88.636944
    3105.0 |      0.000 |      551.019992 |      -80.969192 |      546.649474 |      -84.019442
    3110.0 |      0.000 |      548.847926 |      -76.387794 |      544.520742 |      -79.496851
    3115.0 |      0.000 |      546.450014 |      -71.919139 |      542.169594 |      -75.085861
    3120.0 |      0.000 |      543.815717 |      -67.584206 |      539.585620 |      -70.807205
    3125.0 |      0.000 |      540.935757 |      -63.408166 |      536.759647 |      -66.685756
    3130.0 |      0.000 |      537.800812 |      -59.417248 |      533.682456 |      -62.747425
    3135.0 |      0.000 |      534.405761 |      -55.642983 |      530.348949 |      -59.023365
    3140.0 |      0.000 |      530.747902 |      -52.116933 |      526.756410 |      -55.544750
    3145.0 |      0.000 |      526.844075 |      -48.852459 |      522.921385 |      -52.324758
    3150.0 |      0.000 |      522.734003 |      -45.858660 |      518.882940 |      -49.372334
    3155.0 |      0.000 |      518.435493 |      -43.138512 |      514.658590 |      -46.690395
    3160.0 |      0.000 |      513.970107 |      -40.707939 |      510.269521 |      -44.294648
    3165.0 |      0.000 |      509.350608 |      -38.586055 |      505.728254 |      -42.203957
    3170.0 |      0.000 |      504.594207 |      -36.802178 |      501.051673 |      -40.447259
    3175.0 |      0.000 |      499.712107 |      -35.391393 |      496.250733 |      -39.059195
    3180.0 |      0.000 |      494.731115 |      -34.401631 |      491.351724 |      -38.087077
    3185.0 |      0.000 |      489.683231 |      -33.887771 |      486.386030 |      -37.585073
    3190.0 |      0.000 |      484.606063 |      -33.911260 |      481.390541 |      -37.613831
    3195.0 |      0.000 |      479.571495 |      -34.534339 |      476.435871 |      -38.234747
    3200.0 |      0.000 |      474.621949 |      -35.663150 |      471.563931 |      -39.355073
    3205.0 |      0.000 |      469.688042 |      -36.859240 |      466.707254 |      -40.541832
    3210.0 |      0.000 |      464.761906 |      -38.088102 |      461.858164 |      -41.760951
    3215.0 |      0.000 |      459.844058 |      -39.348126 |      457.017171 |      -43.010839
    3220.0 |      0.000 |      454.933828 |      -40.637992 |      452.183620 |      -44.290194
    3225.0 |      0.000 |      450.031336 |      -41.956174 |      447.357630 |      -45.597506
    3230.0 |      0.000 |      445.136219 |      -43.301265 |      442.538847 |      -46.931389
    3235.0 |      0.000 |      440.248290 |      -44.671810 |      437.727089 |      -48.290404
    3240.0 |      0.000 |      435.367190 |      -46.066398 |      432.922007 |      -49.673158
    3245.0 |      0.000 |      430.492810 |      -47.483545 |      428.123496 |      -51.078186
    3250.0 |      0.000 |      425.624502 |      -48.921925 |      423.330919 |      -52.504179
    3255.0 |      0.000 |      420.762466 |      -50.379958 |      418.544479 |      -53.949576
    3260.0 |      0.000 |      415.905692 |      -51.856429 |      413.763181 |      -55.413178
    3265.0 |      0.000 |      411.054547 |      -53.349704 |      408.987392 |      -56.893372
    3270.0 |      0.000 |      406.207992 |      -54.858583 |      404.216090 |      -58.388971
    3275.0 |      0.000 |      401.366100 |      -56.381520 |      399.449350 |      -59.898451
    3280.0 |      0.000 |      396.528206 |      -57.917204 |      394.686520 |      -61.420516
    3285.0 |      0.000 |      391.693971 |      -59.464221 |      389.927271 |      -62.953771
    3290.0 |      0.000 |      386.863071 |      -61.021155 |      385.171284 |      -64.496816
    3295.0 |      0.000 |      382.034840 |      -62.586697 |      380.417907 |      -66.048362
    3300.0 |      0.000 |      377.209184 |      -64.159360 |      375.667051 |      -67.606937
    3305.0 |      0.000 |      372.385286 |      -65.737889 |      370.917914 |      -69.171303
    3310.0 |      0.000 |      367.563032 |      -67.320801 |      366.170386 |      -70.739998
    3315.0 |      0.000 |      362.741715 |      -68.906809 |      361.423775 |      -72.311749
    3320.0 |      0.000 |      357.921027 |      -70.494495 |      356.677780 |      -73.885157
    3325.0 |      0.000 |      353.100431 |      -72.082517 |      351.931874 |      -75.458897
    3330.0 |      0.000 |      348.279541 |      -73.669483 |      347.185682 |      -77.031593
    3335.0 |      0.000 |      343.457795 |      -75.254057 |      342.438652 |      -78.601929
    3340.0 |      0.000 |      338.634936 |      -76.834806 |      337.690532 |      -80.168488
    3345.0 |      0.000 |      333.810181 |      -78.410465 |      332.940558 |      -81.730021
    3350.0 |      0.000 |      328.983541 |      -79.979510 |      328.188740 |      -83.285025
    3355.0 |      0.000 |      324.154005 |      -81.540750 |      323.434087 |      -84.832322
    3360.0 |      0.000 |      319.321694 |      -83.092623 |      318.676722 |      -86.370371
    3365.0 |      0.000 |      314.485759 |      -84.633881 |      313.915810 |      -87.897939
    3370.0 |      0.000 |      309.646029 |      -86.163055 |      309.151186 |      -89.413576
    3375.0 |      0.000 |      304.802044 |      -87.678768 |      304.382400 |      -90.915923
    3380.0 |      0.000 |      299.935490 |      -89.124283 |      299.591536 |      -92.348961
    3385.0 |      0.000 |      294.993131 |      -90.310372 |      294.726562 |      -93.525852
    3390.0 |      0.000 |      289.990526 |      -91.199709 |      289.802854 |      -94.409711
    3395.0 |      0.000 |      284.942299 |      -91.760634 |      284.834859 |      -94.969253
    3400.0 |      0.000 |      279.866677 |      -91.950220 |      279.840587 |      -95.162061
    3405.0 |      0.000 |      274.793648 |      -91.713403 |      274.849647 |      -94.933715
    3410.0 |      0.000 |      269.768775 |      -90.984366 |      269.906987 |      -94.219159
    3415.0 |      0.000 |      264.858737 |      -89.690966 |      265.078344 |      -92.947065
    3420.0 |      0.000 |      260.158617 |      -87.766832 |      260.457394 |      -91.051776
    3425.0 |      0.000 |      255.771209 |      -85.209571 |      256.145279 |      -88.530815
    3430.0 |      0.000 |      251.723299 |      -82.146467 |      252.168122 |      -85.509871
    3435.0 |      0.000 |      248.024123 |      -78.667937 |      248.534845 |      -82.078236
    3440.0 |      0.000 |      244.657183 |      -74.864418 |      245.229050 |      -78.325251
    3445.0 |      0.000 |      241.585494 |      -70.816241 |      242.214201 |      -74.330299
    3450.0 |      0.000 |      238.765782 |      -66.594986 |      239.447589 |      -70.164124
    3455.0 |      0.000 |      236.143482 |      -62.246269 |      236.875444 |      -65.871841
    3460.0 |      0.000 |      233.670849 |      -57.813774 |      234.450712 |      -61.496649
    3465.0 |      0.000 |      231.298612 |      -53.328551 |      232.124854 |      -57.069267
    3470.0 |      0.000 |      228.979707 |      -48.819008 |      229.851516 |      -52.617807
    3475.0 |      0.000 |      226.664255 |      -44.306809 |      227.581579 |      -48.163720
    3480.0 |      0.000 |      224.303650 |      -39.821400 |      225.267167 |      -43.736142
    3485.0 |      0.000 |      221.866326 |      -35.379595 |      222.877191 |      -39.351715
    3490.0 |      0.000 |      219.416906 |      -30.936876 |      220.475316 |      -34.966399
    3495.0 |      0.000 |      216.968602 |      -26.493550 |      218.074540 |      -30.580481
    3500.0 |      0.000 |      214.520994 |      -22.049844 |      215.674449 |      -26.194189
    3505.0 |      0.000 |      212.073660 |      -17.605990 |      213.274628 |      -21.807749
    3510.0 |      0.000 |      209.626400 |      -13.162094 |      210.874880 |      -17.421268
    3515.0 |      0.000 |      207.181822 |       -8.716740 |      208.477773 |      -13.033344
    3520.0 |      0.000 |      204.740703 |       -4.269507 |      206.084074 |       -8.643560
    3525.0 |      0.000 |      202.302879 |        0.179512 |      203.693620 |       -4.252008
    3530.0 |      0.000 |      199.868185 |        4.630226 |      201.306248 |        0.141220
    3535.0 |      0.000 |      197.436454 |        9.082541 |      198.921795 |        4.536034
    3540.0 |      0.000 |      195.007522 |       13.536366 |      196.540098 |        8.932342
    3545.0 |      0.000 |      192.581222 |       17.991609 |      194.160993 |       13.330053
    3550.0 |      0.000 |      190.157388 |       22.448178 |      191.784318 |       17.729078
    3555.0 |      0.000 |      187.735855 |       26.905984 |      189.409907 |       22.129325
    3560.0 |      0.000 |      185.316454 |       31.364934 |      187.037598 |       26.530706
    3565.0 |      0.000 |      182.899021 |       35.824939 |      184.667226 |       30.933130
    3570.0 |      0.000 |      180.483388 |       40.285907 |      182.298628 |       35.336508
    3575.0 |      0.000 |      178.069389 |       44.747750 |      179.931638 |       39.740751
    3580.0 |      0.000 |      175.656857 |       49.210377 |      177.566093 |       44.145770
    3585.0 |      0.000 |      173.245625 |       53.673698 |      175.201828 |       48.551477
    3590.0 |      0.000 |      170.835525 |       58.137623 |      172.838680 |       52.957781
    3595.0 |      0.000 |      168.419660 |       62.598434 |      170.469852 |       57.361003
    3600.0 |      0.000 |      166.010533 |       67.062882 |      168.107660 |       61.767825
    3605.0 |      0.000 |      163.601243 |       71.527243 |      165.745310 |       66.174561
    3610.0 |      0.000 |      161.191369 |       75.991290 |      163.382382 |       70.580986
    3615.0 |      0.000 |      158.780484 |       80.454798 |      161.018460 |       74.986877
    3620.0 |      0.000 |      156.368167 |       84.917541 |      158.653127 |       79.392011
    3625.0 |      0.000 |      153.953994 |       89.379291 |      156.285966 |       83.796163
    3630.0 |      0.000 |      151.537543 |       93.839820 |      153.916561 |       88.199106
    3635.0 |      0.000 |      149.118390 |       98.298901 |      151.544496 |       92.600616
    3640.0 |      0.000 |      146.696113 |      102.756306 |      149.169353 |       97.000468
    3645.0 |      0.000 |      144.270290 |      107.211805 |      146.790719 |      101.398432
    3650.0 |      0.000 |      141.840501 |      111.665166 |      144.408178 |      105.794281
    3655.0 |      0.000 |      139.406325 |      116.116158 |      142.021317 |      110.187784
    3660.0 |      0.000 |      136.967342 |      120.564547 |      139.629720 |      114.578713
    3665.0 |      0.000 |      134.523132 |      125.010100 |      137.232977 |      118.966834
    3670.0 |      0.000 |      132.073278 |      129.452581 |      134.830674 |      123.351914
    3675.0 |      0.000 |      129.617361 |      133.891752 |      132.422400 |      127.733719
    3680.0 |      0.000 |      127.151648 |      138.328838 |      130.004483 |      132.113454
    3685.0 |      0.000 |      124.571365 |      142.706980 |      127.473734 |      136.434845
    3690.0 |      0.000 |      121.669329 |      146.868296 |      124.626013 |      140.541729
    3695.0 |      0.000 |      118.213324 |      150.571915 |      121.232404 |      144.195948
    3700.0 |      0.000 |      113.959737 |      153.298138 |      117.052265 |      146.883935
    3705.0 |      0.000 |      108.991079 |      154.214327 |      112.165257 |      147.783399
    3710.0 |      0.000 |      104.046020 |      153.280905 |      107.298088 |      146.856061
    3715.0 |      0.000 |       99.610735 |      150.849456 |      102.929750 |      144.449704
    3720.0 |      0.000 |       95.818516 |      147.474940 |       99.192404 |      141.112602
    3725.0 |      0.000 |       92.545539 |      143.593272 |       95.965016 |      137.275161
    3730.0 |      0.000 |       89.630719 |      139.444456 |       93.089531 |      133.174255
    3735.0 |      0.000 |       86.938170 |      135.155933 |       90.432484 |      128.935606
    3740.0 |      0.000 |       84.355315 |      130.807690 |       87.883258 |      124.638093
    3745.0 |      0.000 |       81.774864 |      126.468001 |       85.336411 |      120.349031
    3750.0 |      0.000 |       79.065166 |      122.214647 |       82.662556 |      116.145099
    3755.0 |      0.000 |       76.239683 |      118.015155 |       79.874877 |      111.994240
    3760.0 |      0.000 |       73.402501 |      113.823703 |       77.075703 |      107.851308
    3765.0 |      0.000 |       70.554011 |      109.639962 |       74.265417 |      103.715980
    3770.0 |      0.000 |       67.694534 |      105.463503 |       71.444334 |       99.587833
    3775.0 |      0.000 |       64.824613 |      101.294222 |       68.612989 |       95.466763
    3780.0 |      0.000 |       61.944669 |       97.131833 |       65.771794 |       91.352489
    3785.0 |      0.000 |       59.055121 |       92.976051 |       62.921162 |       87.244730
    3790.0 |      0.000 |       56.156386 |       88.826582 |       60.061502 |       83.143198
    3795.0 |      0.000 |       53.248926 |       84.683203 |       57.193269 |       79.047670
    3800.0 |      0.000 |       50.333188 |       80.545664 |       54.316902 |       74.957901
    3805.0 |      0.000 |       47.409519 |       76.413576 |       51.432742 |       70.873508
    3810.0 |      0.000 |       44.478426 |       72.286774 |       48.541286 |       66.794326
    3815.0 |      0.000 |       41.540336 |       68.164981 |       45.642955 |       62.720086
    3820.0 |      0.000 |       38.595572 |       64.047776 |       42.738067 |       58.650369
    3825.0 |      0.000 |       35.644676 |       59.935041 |       39.827152 |       54.585060
    3830.0 |      0.000 |       32.688035 |       55.826444 |       36.910594 |       50.523832
    3835.0 |      0.000 |       29.725977 |       51.721571 |       33.988712 |       46.466276
    3840.0 |      0.000 |       26.759062 |       47.620330 |       31.062058 |       42.412302
    3845.0 |      0.000 |       23.787638 |       43.522334 |       28.130973 |       38.361528
    3850.0 |      0.000 |       20.812053 |       39.427198 |       25.195799 |       34.313575
    3855.0 |      0.000 |       17.832866 |       35.334830 |       22.257088 |       30.268351
    3860.0 |      0.000 |       14.850399 |       31.244805 |       19.315152 |       26.225438
    3865.0 |      0.000 |       11.865026 |       27.156778 |       16.370361 |       22.184495
    3870.0 |      0.000 |        8.877284 |       23.070622 |       13.423242 |       18.145398
    3875.0 |      0.000 |        5.887491 |       18.985914 |       10.474109 |       14.107729
    3880.0 |      0.000 |        2.896048 |       14.902341 |        7.523354 |       10.071178
    3885.0 |      0.000 |       -0.096555 |       10.819714 |        4.571460 |        6.035561
    3890.0 |      0.000 |       -3.089969 |        6.737651 |        1.618768 |        2.000499
    3895.0 |      0.000 |       -6.083778 |        2.655860 |       -1.334312 |       -2.034293
    3900.0 |      0.000 |       -9.077558 |       -1.425937 |       -4.287363 |       -6.069092
    3905.0 |      0.000 |      -12.070898 |       -5.508037 |       -7.239982 |      -10.104189
    3910.0 |      0.000 |      -15.063389 |       -9.590739 |      -10.191766 |      -14.139881
    3915.0 |      0.000 |      -18.054655 |      -13.674392 |      -13.142347 |      -18.176510
    3920.0 |      0.000 |      -21.044226 |      -17.759210 |      -16.091263 |      -22.214288
    3925.0 |      0.000 |      -24.031715 |      -21.845523 |      -19.038132 |      -26.253540
    3930.0 |      0.000 |      -27.016766 |      -25.933706 |      -21.982607 |      -30.294636
    3935.0 |      0.000 |      -29.998867 |      -30.023916 |      -24.924182 |      -34.337732
    3940.0 |      0.000 |      -32.977660 |      -34.116526 |      -27.862507 |      -38.383194
    3945.0 |      0.000 |      -35.952781 |      -38.211897 |      -30.797224 |      -42.431380
    3950.0 |      0.000 |      -38.923696 |      -42.310160 |      -33.727809 |      -46.482416
    3955.0 |      0.000 |      -41.890080 |      -46.411728 |      -36.653941 |      -50.536713
    3960.0 |      0.000 |      -44.851536 |      -50.516924 |      -39.575232 |      -54.594586
    3965.0 |      0.000 |      -47.807531 |      -54.625873 |      -42.491155 |      -58.656162
    3970.0 |      0.000 |      -50.757762 |      -58.739026 |      -45.401416 |      -62.721883
    3975.0 |      0.000 |      -53.701793 |      -62.856648 |      -48.305584 |      -66.792011
    3980.0 |      0.000 |      -56.639105 |      -66.978887 |      -51.203150 |      -70.866692
    3985.0 |      0.000 |      -59.569402 |      -71.106204 |      -54.093824 |      -74.946380
    3990.0 |      0.000 |      -62.492214 |      -75.238813 |      -56.977141 |      -79.031287
    3995.0 |      0.000 |      -65.407050 |      -79.376902 |      -59.852622 |      -83.121599
    4000.0 |      0.000 |      -68.313588 |      -83.520899 |      -62.719950 |      -87.217736
    4005.0 |      0.000 |      -71.211349 |      -87.671003 |      -65.578652 |      -91.319895
    4010.0 |      0.000 |      -74.099878 |      -91.827452 |      -68.428283 |      -95.428311
    4015.0 |      0.000 |      -76.978781 |      -95.990571 |      -71.268455 |      -99.543304
    4020.0 |      0.000 |      -79.847620 |     -100.160617 |      -74.098737 |     -103.665128
    4025.0 |      0.000 |      -82.705971 |     -104.337872 |      -76.918713 |     -107.794061
    4030.0 |      0.000 |      -85.553308 |     -108.522467 |      -79.727867 |     -111.930231
    4035.0 |      0.000 |      -88.389312 |     -112.714832 |      -82.525883 |     -116.074064
    4040.0 |      0.000 |      -91.213591 |     -116.915354 |      -85.312379 |     -120.225939
    4045.0 |      0.000 |      -93.983575 |     -121.151128 |      -88.045518 |     -124.412573
    4050.0 |      0.000 |      -96.663656 |     -125.443377 |      -90.690304 |     -128.654889
    4055.0 |      0.000 |      -99.257974 |     -129.787706 |      -93.250803 |     -132.948548
    4060.0 |      0.000 |     -101.770974 |     -134.179937 |      -95.731380 |     -137.289431
    4065.0 |      0.000 |     -104.207058 |     -138.615572 |      -98.136358 |     -141.673100
    4070.0 |      0.000 |     -106.570653 |     -143.089910 |     -100.470085 |     -146.094914
    4075.0 |      0.000 |     -108.866876 |     -147.599389 |     -102.737588 |     -150.551364
    4080.0 |      0.000 |     -111.100868 |     -152.140473 |     -104.943920 |     -155.038960
    4085.0 |      0.000 |     -113.277689 |     -156.709436 |     -107.094053 |     -159.554031
    4090.0 |      0.000 |     -115.402104 |     -161.301885 |     -109.192665 |     -164.092240
    4095.0 |      0.000 |     -117.480028 |     -165.915956 |     -111.245575 |     -168.651754
    4100.0 |      0.000 |     -119.516825 |     -170.548708 |     -113.258053 |     -173.229674
    4105.0 |      0.000 |     -121.517840 |     -175.197248 |     -115.235355 |     -177.823148
    4110.0 |      0.000 |     -123.488066 |     -179.857915 |     -117.182385 |     -182.428566
    4115.0 |      0.000 |     -125.433375 |     -184.529205 |     -119.104919 |     -187.044450
    4120.0 |      0.000 |     -127.359221 |     -189.208732 |     -121.008318 |     -191.668447
    4125.0 |      0.000 |     -129.270960 |     -193.893940 |     -122.897847 |     -196.298040
    4130.0 |      0.000 |     -131.173970 |     -198.582363 |     -124.778794 |     -200.930799
    4135.0 |      0.000 |     -133.073853 |     -203.272117 |     -126.656667 |     -205.564869
    4140.0 |      0.000 |     -134.976021 |     -207.960853 |     -128.536786 |     -210.197936
    4145.0 |      0.000 |     -136.885841 |     -212.646088 |     -130.424427 |     -214.827553
    4150.0 |      0.000 |     -138.808841 |     -217.325695 |     -132.325026 |     -219.451627
    4155.0 |      0.000 |     -140.750827 |     -221.998135 |     -134.244292 |     -224.068642
    4160.0 |      0.000 |     -142.716925 |     -226.660130 |     -136.187262 |     -228.675367
    4165.0 |      0.000 |     -144.712543 |     -231.309005 |     -138.159255 |     -233.269166
    4170.0 |      0.000 |     -146.743077 |     -235.941957 |     -140.165572 |     -237.847277
    4175.0 |      0.000 |     -148.794198 |     -240.569778 |     -142.192134 |     -242.420343
    4180.0 |      0.000 |     -150.839684 |     -245.199701 |     -144.213157 |     -246.995478
    4185.0 |      0.000 |     -152.871248 |     -249.835335 |     -146.220492 |     -251.576238
    4190.0 |      0.000 |     -154.880669 |     -254.480169 |     -148.206058 |     -256.166062
    4195.0 |      0.000 |     -156.859734 |     -259.137579 |     -150.161779 |     -260.768273
    4200.0 |      0.000 |     -158.800182 |     -263.810854 |     -152.079533 |     -265.386112
    4205.0 |      0.000 |     -160.693587 |     -268.503055 |     -153.951037 |     -270.022591
    4210.0 |      0.000 |     -162.531325 |     -273.217033 |     -155.767808 |     -274.680519
    4215.0 |      0.000 |     -164.304519 |     -277.955394 |     -157.521120 |     -279.362459
    4220.0 |      0.000 |     -166.004001 |     -282.720458 |     -159.201955 |     -284.070692
    4225.0 |      0.000 |     -167.620274 |     -287.514201 |     -160.800972 |     -288.807159
    4230.0 |      0.000 |     -169.143498 |     -292.338194 |     -162.308494 |     -293.573402
    4235.0 |      0.000 |     -170.563485 |     -297.193531 |     -163.714498 |     -298.370491
    4240.0 |      0.000 |     -171.869717 |     -302.080743 |     -165.008636 |     -303.198937
    4245.0 |      0.000 |     -173.051393 |     -306.999710 |     -166.180281 |     -308.058609
    4250.0 |      0.000 |     -174.097502 |     -311.949558 |     -167.218596 |     -312.948636
    4255.0 |      0.000 |     -174.996935 |     -316.928571 |     -168.112651 |     -317.867307
    4260.0 |      0.000 |     -175.738640 |     -321.934094 |     -168.851564 |     -322.811988
    4265.0 |      0.000 |     -176.311811 |     -326.962455 |     -169.424698 |     -327.779042
    4270.0 |      0.000 |     -176.706122 |     -332.008888 |     -169.821885 |     -332.763750
    4275.0 |      0.000 |     -176.980244 |     -337.063394 |     -170.100831 |     -337.756299
    4280.0 |      0.000 |     -177.209191 |     -342.119518 |     -170.335333 |     -342.750398
    4285.0 |      0.000 |     -177.394860 |     -347.177762 |     -170.527257 |     -347.746542
    4290.0 |      0.000 |     -177.539037 |     -352.237534 |     -170.678359 |     -352.744151
    4295.0 |      0.000 |     -177.643527 |     -357.298422 |     -170.790416 |     -357.742817
    4300.0 |      0.000 |     -177.710149 |     -362.360113 |     -170.865216 |     -362.742236
    4305.0 |      0.000 |     -177.740728 |     -367.422255 |     -170.904553 |     -367.742061
    4310.0 |      0.000 |     -177.737093 |     -372.484841 |     -170.910228 |     -372.742287
    4315.0 |      0.000 |     -177.701081 |     -377.547057 |     -170.884047 |     -377.742112
    4320.0 |      0.000 |     -177.634526 |     -382.609352 |     -170.827814 |     -382.741982
    4325.0 |      0.000 |     -177.539265 |     -387.671260 |     -170.743336 |     -387.741438
    4330.0 |      0.000 |     -177.417139 |     -392.732510 |     -170.632425 |     -392.740214
    4335.0 |      0.000 |     -177.269967 |     -397.793544 |     -170.496870 |     -397.738750
    4340.0 |      0.000 |     -177.099603 |     -402.853525 |     -170.338495 |     -402.736221
    4345.0 |      0.000 |     -176.907858 |     -407.912986 |     -170.159083 |     -407.733154
    4350.0 |      0.000 |     -176.696554 |     -412.971902 |     -169.960425 |     -412.729529
    4355.0 |      0.000 |     -176.467537 |     -418.029725 |     -169.744337 |     -417.724803
    4360.0 |      0.000 |     -176.222594 |     -423.087136 |     -169.512578 |     -422.719654
    4365.0 |      0.000 |     -175.963558 |     -428.143759 |     -169.266952 |     -427.713710
    4370.0 |      0.000 |     -175.692234 |     -433.199747 |     -169.009235 |     -432.707127
    4375.0 |      0.000 |     -175.410424 |     -438.255283 |     -168.741200 |     -437.700085
    4380.0 |      0.000 |     -175.119945 |     -443.310211 |     -168.464634 |     -442.692433
    4385.0 |      0.000 |     -174.822588 |     -448.364817 |     -168.181299 |     -447.684456
    4390.0 |      0.000 |     -174.520163 |     -453.419032 |     -167.892979 |     -452.676086
    4395.0 |      0.000 |     -174.214459 |     -458.473172 |     -167.601432 |     -457.667640
    4400.0 |      0.000 |     -173.907293 |     -463.527057 |     -167.308445 |     -462.658939
    4405.0 |      0.000 |     -173.600452 |     -468.580998 |     -167.015779 |     -467.650295
    4410.0 |      0.000 |     -173.295738 |     -473.635132 |     -166.725206 |     -472.641843
    4415.0 |      0.000 |     -172.994985 |     -478.689048 |     -166.438530 |     -477.633181
    4420.0 |      0.000 |     -172.699941 |     -483.743862 |     -166.157472 |     -482.625412
    4425.0 |      0.000 |     -172.412472 |     -488.798727 |     -165.883867 |     -487.617701
    4430.0 |      0.000 |     -172.134384 |     -493.853863 |     -165.619493 |     -492.610268
    4435.0 |      0.000 |     -171.848358 |     -498.914155 |     -165.347318 |     -497.607919
    4440.0 |      0.000 |     -171.476754 |     -503.970785 |     -164.990936 |     -502.601859
    4445.0 |      0.000 |     -170.945855 |     -509.008798 |     -164.477789 |     -507.577238
    4450.0 |      0.000 |     -170.180052 |     -514.015095 |     -163.733461 |     -512.521034
    4455.0 |      0.000 |     -169.094521 |     -518.960104 |     -162.674440 |     -517.403947
    4460.0 |      0.000 |     -167.590174 |     -523.792213 |     -161.203137 |     -522.174891
    4465.0 |      0.000 |     -165.554303 |     -528.425475 |     -159.208502 |     -526.748857
    4470.0 |      0.000 |     -162.875389 |     -532.725551 |     -156.580567 |     -530.993035
    4475.0 |      0.000 |     -159.491470 |     -536.501823 |     -153.258016 |     -534.719091
    4480.0 |      0.000 |     -155.445658 |     -539.569704 |     -149.282932 |     -537.744755
    4485.0 |      0.000 |     -150.917781 |     -541.887142 |     -144.832170 |     -540.028692
    4490.0 |      0.000 |     -146.089570 |     -543.513351 |     -140.084646 |     -541.629586
    4495.0 |      0.000 |     -141.105670 |     -544.517333 |     -135.182802 |     -542.615745
    4500.0 |      0.000 |     -136.037016 |     -544.965607 |     -130.196552 |     -543.052949
